958476
583693
659470
774159
432146
192531
858132
874516
794648
987161
684058
251934
354335
833568
854067
092212
825396
794693
942150
227409
462930
043091
262229
350295
997463
346205
372831
737377
553070
569461
217205
886903
434301
491646
444543
505984
288917
225433
407705
071839
186529
979106
921767
667821
835761
680119
796855
948407
831676
688318
731335
344282
563419
149723
463075
139492
891113
686320
000241
766192
213233
057584
129273
409855
153857
747778
499973
813319
958732
731404
608526
317716
821535
635174
551215
985395
246083
788805
729425
823638
270680
655706
321889
498017
450914
624996
696677
231783
938349
637297
842098
092534
135545
199036
018818
098692
072074
901514
700810
147852
461200
485777
403861
979356
108958
815521
704933
721328
522673
041394
559548
338368
086466
850372
868806
907718
115144
260553
793036
727501
881101
242124
799185
317908
379349
694741
072151
276957
405985
668131
549348
231918
553469
297481
567818
492054
410135
010779
027178
877100
051761
766518
709177
815683
262726
367184
711254
873052
143979
805484
154220
758389
801401
176764
123519
559744
021122
612996
647814
914057
021131
094862
912017
907923
246419
869021
789154
627363
076451
965285
584361
043691
883373
246445
613041
746165
660155
608958
438976
490177
668354
258760
897738
174795
215757
598744
555736
682717
594654
715493
750311
635624
887529
191210
008939
504553
006890
133872
901875
086774
121593
940794
520954
869124
131846
250636
506637
772879
484114
191254
942871
469786
060186
684831
815906
187172
072487
523048
559916
209712
066356
445242
652093
291655
799560
533322
154445
355154
559956
529236
521044
107350
521048
625496
719707
465758
752480
768873
519020
177005
306034
543607
885630
621439
531329
316291
068490
283533
746382
957327
838541
185233
447377
562063
879514
123804
275357
338844
637853
871344
050097
592824
867259
168893
060360
013257
545738
474058
521165
342994
447451
639963
504803
803818
945135
992245
740343
214008
582650
494589
504834
341003
003084
603158
984092
039967
521256
343093
234551
228409
801854
457793
271428
306252
912468
658523
801885
810097
679029
101494
717943
996471
171125
916611
752772
748677
828550
011400
431240
629900
267405
310419
869524
414875
355484
459934
316575
332961
257187
162979
591013
128165
140462
734386
486578
728245
392375
615616
304328
705739
820431
695507
154848
922849
490723
869605
828649
468206
464112
865522
683251
845050
988418
617732
113926
797959
013577
304397
754960
591124
955671
705816
865559
711962
662817
384292
691493
257318
525608
576809
656687
886069
075063
232761
535868
187713
222530
712009
152911
214353
283986
841048
640345
275811
161126
615784
419182
994673
077173
679291
165253
236938
413069
425361
974233
652701
648605
703907
587171
611751
591275
693677
794029
208305
843190
038328
654777
452026
918973
921029
527817
466378
114121
744909
984526
378320
918992
239059
816604
769501
312799
648673
814565
396783
507376
079344
720374
572922
069121
167431
218634
046604
427535
757266
560665
599578
196123
142875
439835
697885
906786
874021
044589
732727
859707
593476
136776
437839
757327
958039
591455
513636
802406
382571
675443
657022
718463
284291
067206
556678
618120
558732
691854
472723
679573
034460
511649
390822
941755
423613
132803
181956
347846
566982
636631
392922
440027
433885
372446
593631
136935
292583
040681
417513
120556
599796
325371
999164
059135
276226
265994
280334
782098
587539
104218
505628
124702
390945
802600
519992
792376
489282
915269
689997
984910
051034
624474
120668
413533
083810
388968
665453
237425
010101
175998
333696
462724
653188
456584
976777
288649
481161
401292
595848
964495
497551
487314
413589
987033
614299
319392
872353
206752
378794
288685
423860
391093
524220
249792
856002
864197
272328
550857
034763
165838
960466
528343
057303
479194
698331
921565
944093
423903
608227
606185
385003
450542
174068
747510
204798
